 Индивидуальные задания по курсу
 "Параллельное и многопоточное программирование"
 2020/21 уч.г.

Вариант 7980
MPI1Proc:  10[1]
MPI2Send:  3[1], 6[1], 9[1], 13[1], 17[1], 19[1], 20[1], 22[2]
MPI3Coll:  5[1], 17[1], 24[1]
MPI4Type:  12[1], 15[2], 20[2], 22[2]
MPI5Comm:  2[1], 9[1], 11[1], 14[1], 15[1], 21[1], 24[1], 27[1], 28[2], 31[2]
MPI6File:  1[1], 5[1], 9[1], 11[1], 14[1], 18[1], 21[1], 25[1], 28[1], 29[1]
MPI7Win:   3[1], 6[1], 10[1], 11[1], 17[1], 19[1], 21[1], 25[1], 29[1], 30[1]
OMPBegin:  2[2], 6[2], 12[2], 15[2]
MPI9Matr:  21[1], 22[1], 23[2], 3[1], 4[1], 5[2], 16[2], 7[4], 18[2], 30[2], 
           44[4]
MPIGravit: 3[8]
